// Grafo de Cobertura
digraph CoverageGraph {
	graph [rankdir=LR splines=true]
	"(1, 0, 0, 1, 0, 0, 0, 0, 1)" [label="[1, 0, 0, 1, 0, 0, 0, 0, 1]" color=black shape=oval style=""]
	"(1, 0, 0, 0, 0, 1, 0, 0, 1)" [label="[1, 0, 0, 0, 0, 1, 0, 0, 1]" color=black shape=oval style=""]
	"(1, 0, 0, 1, 0, 0, 0, 1, 0)" [label="[1, 0, 0, 1, 0, 0, 0, 1, 0]" color=black shape=oval style=""]
	"(1, 0, 0, 0, 0, 1, 0, 1, 0)" [label="[1, 0, 0, 0, 0, 1, 0, 1, 0]" color=black shape=oval style=""]
	"(1, 1, 0, 1, 0, 0, 0, 0, 0)" [label="[1, 1, 0, 1, 0, 0, 0, 0, 0]" color=black shape=oval style=""]
	"(1, 1, 0, 0, 0, 1, 0, 0, 0)" [label="[1, 1, 0, 0, 0, 1, 0, 0, 0]" color=black shape=oval style=""]
	"(0, 0, 1, 2, 0, 0, 0, 0, 0)" [label="[0, 0, 1, 2, 0, 0, 0, 0, 0]" color=black shape=oval style=""]
	"(0, 0, 1, 1, 0, 1, 0, 0, 0)" [label="[0, 0, 1, 1, 0, 1, 0, 0, 0]" color=black shape=oval style=""]
	"(0, 0, 0, 2, 1, 0, 0, 0, 0)" [label="[0, 0, 0, 2, 1, 0, 0, 0, 0]" color=black shape=oval style=""]
	"(0, 0, 0, 1, 1, 1, 0, 0, 0)" [label="[0, 0, 0, 1, 1, 1, 0, 0, 0]" color=black shape=oval style=""]
	"(0, 0, 1, 0, 0, 2, 0, 0, 0)" [label="[0, 0, 1, 0, 0, 2, 0, 0, 0]" color=black shape=oval style=""]
	"(0, 0, 0, 0, 1, 2, 0, 0, 0)" [label="[0, 0, 0, 0, 1, 2, 0, 0, 0]" color=black shape=oval style=""]
	"(0, 0, 0, 1, 0, 0, 1, 1, 0)" [label="[0, 0, 0, 1, 0, 0, 1, 1, 0]" color=black shape=oval style=""]
	"(0, 0, 0, 0, 0, 1, 1, 1, 0)" [label="[0, 0, 0, 0, 0, 1, 1, 1, 0]" color=black shape=oval style=""]
	"(0, 1, 0, 1, 0, 0, 1, 0, 0)" [label="[0, 1, 0, 1, 0, 0, 1, 0, 0]" color=black shape=oval style=""]
	"(0, 0, 0, 1, 0, 0, 1, 0, 1)" [label="[0, 0, 0, 1, 0, 0, 1, 0, 1]" color=black shape=oval style=""]
	"(0, 1, 0, 0, 0, 1, 1, 0, 0)" [label="[0, 1, 0, 0, 0, 1, 1, 0, 0]" color=black shape=oval style=""]
	"(0, 0, 0, 0, 0, 1, 1, 0, 1)" [label="[0, 0, 0, 0, 0, 1, 1, 0, 1]" color=black shape=oval style=""]
	"(1, 0, 0, 1, 0, 0, 0, 0, 1)" -> "(1, 0, 0, 0, 0, 1, 0, 0, 1)" [label=T2]
	"(1, 0, 0, 1, 0, 0, 0, 0, 1)" -> "(1, 0, 0, 1, 0, 0, 0, 1, 0)" [label=T7]
	"(1, 0, 0, 0, 0, 1, 0, 0, 1)" -> "(1, 0, 0, 0, 0, 1, 0, 1, 0)" [label=T7]
	"(1, 0, 0, 1, 0, 0, 0, 1, 0)" -> "(1, 0, 0, 0, 0, 1, 0, 1, 0)" [label=T2]
	"(1, 0, 0, 1, 0, 0, 0, 1, 0)" -> "(1, 1, 0, 1, 0, 0, 0, 0, 0)" [label=T5]
	"(1, 0, 0, 1, 0, 0, 0, 1, 0)" -> "(1, 0, 0, 1, 0, 0, 0, 0, 1)" [label=T6]
	"(1, 0, 0, 0, 0, 1, 0, 1, 0)" -> "(1, 1, 0, 0, 0, 1, 0, 0, 0)" [label=T5]
	"(1, 0, 0, 0, 0, 1, 0, 1, 0)" -> "(1, 0, 0, 0, 0, 1, 0, 0, 1)" [label=T6]
	"(1, 1, 0, 1, 0, 0, 0, 0, 0)" -> "(0, 0, 1, 2, 0, 0, 0, 0, 0)" [label=T0]
	"(1, 1, 0, 1, 0, 0, 0, 0, 0)" -> "(1, 1, 0, 0, 0, 1, 0, 0, 0)" [label=T2]
	"(1, 1, 0, 0, 0, 1, 0, 0, 0)" -> "(0, 0, 1, 1, 0, 1, 0, 0, 0)" [label=T0]
	"(0, 0, 1, 2, 0, 0, 0, 0, 0)" -> "(0, 0, 0, 2, 1, 0, 0, 0, 0)" [label=T1]
	"(0, 0, 1, 2, 0, 0, 0, 0, 0)" -> "(0, 0, 1, 1, 0, 1, 0, 0, 0)" [label=T2]
	"(0, 0, 1, 1, 0, 1, 0, 0, 0)" -> "(0, 0, 0, 1, 1, 1, 0, 0, 0)" [label=T1]
	"(0, 0, 1, 1, 0, 1, 0, 0, 0)" -> "(0, 0, 1, 0, 0, 2, 0, 0, 0)" [label=T2]
	"(0, 0, 0, 2, 1, 0, 0, 0, 0)" -> "(0, 0, 0, 1, 1, 1, 0, 0, 0)" [label=T2]
	"(0, 0, 0, 1, 1, 1, 0, 0, 0)" -> "(0, 0, 0, 0, 1, 2, 0, 0, 0)" [label=T2]
	"(0, 0, 0, 1, 1, 1, 0, 0, 0)" -> "(0, 0, 0, 1, 0, 0, 1, 1, 0)" [label=T3]
	"(0, 0, 1, 0, 0, 2, 0, 0, 0)" -> "(0, 0, 0, 0, 1, 2, 0, 0, 0)" [label=T1]
	"(0, 0, 0, 0, 1, 2, 0, 0, 0)" -> "(0, 0, 0, 0, 0, 1, 1, 1, 0)" [label=T3]
	"(0, 0, 0, 1, 0, 0, 1, 1, 0)" -> "(0, 0, 0, 0, 0, 1, 1, 1, 0)" [label=T2]
	"(0, 0, 0, 1, 0, 0, 1, 1, 0)" -> "(1, 0, 0, 1, 0, 0, 0, 1, 0)" [label=T4]
	"(0, 0, 0, 1, 0, 0, 1, 1, 0)" -> "(0, 1, 0, 1, 0, 0, 1, 0, 0)" [label=T5]
	"(0, 0, 0, 1, 0, 0, 1, 1, 0)" -> "(0, 0, 0, 1, 0, 0, 1, 0, 1)" [label=T6]
	"(0, 0, 0, 0, 0, 1, 1, 1, 0)" -> "(1, 0, 0, 0, 0, 1, 0, 1, 0)" [label=T4]
	"(0, 0, 0, 0, 0, 1, 1, 1, 0)" -> "(0, 1, 0, 0, 0, 1, 1, 0, 0)" [label=T5]
	"(0, 0, 0, 0, 0, 1, 1, 1, 0)" -> "(0, 0, 0, 0, 0, 1, 1, 0, 1)" [label=T6]
	"(0, 1, 0, 1, 0, 0, 1, 0, 0)" -> "(0, 1, 0, 0, 0, 1, 1, 0, 0)" [label=T2]
	"(0, 1, 0, 1, 0, 0, 1, 0, 0)" -> "(1, 1, 0, 1, 0, 0, 0, 0, 0)" [label=T4]
	"(0, 0, 0, 1, 0, 0, 1, 0, 1)" -> "(0, 0, 0, 0, 0, 1, 1, 0, 1)" [label=T2]
	"(0, 0, 0, 1, 0, 0, 1, 0, 1)" -> "(1, 0, 0, 1, 0, 0, 0, 0, 1)" [label=T4]
	"(0, 0, 0, 1, 0, 0, 1, 0, 1)" -> "(0, 0, 0, 1, 0, 0, 1, 1, 0)" [label=T7]
	"(0, 1, 0, 0, 0, 1, 1, 0, 0)" -> "(1, 1, 0, 0, 0, 1, 0, 0, 0)" [label=T4]
	"(0, 0, 0, 0, 0, 1, 1, 0, 1)" -> "(1, 0, 0, 0, 0, 1, 0, 0, 1)" [label=T4]
	"(0, 0, 0, 0, 0, 1, 1, 0, 1)" -> "(0, 0, 0, 0, 0, 1, 1, 1, 0)" [label=T7]
}
